Sample;s1(i1)
V-V length(cm);1.000000
Field (T);3.014756
Temp (K);4.200000
Angle (deg.);0.000000
Field(T)_memo;3.000000
Time(sec.)	Current(A)	Voltage(uV)	Temp.1(K)	Temp.2(K)	Temp.3(K)
0.000000E+0	8.575283E-4	-9.038273E-6	3.301310E+2	6.766900E+1	1.410000E+0
1.500000E-2	8.741687E-4	-1.506379E-6	3.301310E+2	6.766900E+1	1.410000E+0
2.300000E-2	8.741687E-4	-1.506379E-6	3.301310E+2	6.766900E+1	1.410000E+0
1.080000E-1	1.079342E-2	-5.021263E-7	3.301310E+2	6.766900E+1	1.410000E+0
1.170000E-1	1.079342E-2	-5.021263E-7	3.301310E+2	6.766900E+1	1.410000E+0
1.980000E-1	2.011001E-2	-1.255316E-5	3.301310E+2	6.766900E+1	1.410000E+0
2.070000E-1	2.011001E-2	-1.255316E-5	3.301310E+2	6.766900E+1	1.410000E+0
2.880000E-1	2.290118E-2	-7.531894E-6	3.301310E+2	6.766900E+1	1.410000E+0
2.970000E-1	2.290118E-2	-7.531894E-6	3.301310E+2	6.766900E+1	1.410000E+0
3.780000E-1	2.841715E-2	6.527641E-6	3.301310E+2	6.766900E+1	1.410000E+0
3.870000E-1	2.841715E-2	6.527641E-6	3.301310E+2	6.766900E+1	1.410000E+0
4.990000E-1	3.694342E-2	7.029768E-6	3.301310E+2	6.766900E+1	1.410000E+0
5.130000E-1	3.694342E-2	7.029768E-6	3.301310E+2	6.766900E+1	1.410000E+0
5.950000E-1	4.663292E-2	-1.506379E-6	3.301310E+2	6.766900E+1	1.410000E+0
6.030000E-1	4.663292E-2	-1.506379E-6	3.301310E+2	6.766900E+1	1.410000E+0
6.880000E-1	5.042150E-2	4.519136E-6	3.301310E+2	6.766900E+1	1.410000E+0
6.960000E-1	5.042150E-2	4.519136E-6	3.301310E+2	6.766900E+1	1.410000E+0
7.780000E-1	6.143180E-2	-9.038273E-6	3.301310E+2	6.766900E+1	1.410000E+0
7.870000E-1	6.143180E-2	-9.038273E-6	3.301310E+2	6.766900E+1	1.410000E+0
8.680000E-1	7.059101E-2	2.008505E-6	3.301310E+2	6.766900E+1	1.410000E+0
8.760000E-1	7.059101E-2	2.008505E-6	3.301310E+2	6.766900E+1	1.410000E+0
9.890000E-1	7.672107E-2	2.008505E-5	3.301310E+2	6.766900E+1	1.410000E+0
9.980000E-1	7.672107E-2	2.008505E-5	3.301310E+2	6.766900E+1	1.410000E+0
1.077000E+0	7.793301E-2	-1.657017E-5	3.301310E+2	6.766900E+1	1.410000E+0
1.086000E+0	7.793301E-2	-1.657017E-5	3.301310E+2	6.766900E+1	1.410000E+0
1.168000E+0	8.896656E-2	3.514884E-6	3.301310E+2	6.766900E+1	1.410000E+0
1.176000E+0	8.896656E-2	3.514884E-6	3.301310E+2	6.766900E+1	1.410000E+0
1.258000E+0	9.549880E-2	9.038273E-6	3.301310E+2	6.766900E+1	1.410000E+0
1.267000E+0	9.549880E-2	9.038273E-6	3.301310E+2	6.766900E+1	1.410000E+0
1.348000E+0	1.086425E-1	-8.536146E-6	3.301310E+2	6.766900E+1	1.410000E+0
1.357000E+0	1.086425E-1	-8.536146E-6	3.301310E+2	6.766900E+1	1.410000E+0
1.468000E+0	1.110162E-1	7.531894E-6	3.301310E+2	6.766900E+1	1.410000E+0
1.481000E+0	1.110162E-1	7.531894E-6	3.301310E+2	6.766900E+1	1.410000E+0
1.565000E+0	1.219732E-1	1.405954E-5	3.301310E+2	6.766900E+1	1.410000E+0
1.574000E+0	1.219732E-1	1.405954E-5	3.301310E+2	6.766900E+1	1.410000E+0
1.659000E+0	1.274956E-1	-4.519136E-6	3.301310E+2	6.766900E+1	1.410000E+0
1.668000E+0	1.274956E-1	-4.519136E-6	3.301310E+2	6.766900E+1	1.410000E+0
1.748000E+0	1.374393E-1	-2.510631E-6	3.301310E+2	6.766900E+1	1.410000E+0
1.757000E+0	1.374393E-1	-2.510631E-6	3.301310E+2	6.766900E+1	1.410000E+0
1.838000E+0	1.385554E-1	-2.008505E-6	3.301310E+2	6.766900E+1	1.410000E+0
1.848000E+0	1.385554E-1	-2.008505E-6	3.301310E+2	6.766900E+1	1.410000E+0
1.962000E+0	1.495680E-1	1.205008E-5	3.301310E+2	6.766900E+1	1.410000E+0
1.971000E+0	1.495680E-1	1.205008E-5	3.301310E+2	6.766900E+1	1.410000E+0
2.055000E+0	1.600719E-1	-8.537101E-6	3.301310E+2	6.766900E+1	1.410000E+0
2.064000E+0	1.600719E-1	-8.537101E-6	3.301310E+2	6.766900E+1	1.410000E+0
2.149000E+0	1.700439E-1	-1.154986E-5	3.301310E+2	6.766900E+1	1.410000E+0
2.158000E+0	1.700439E-1	-1.154986E-5	3.301310E+2	6.766900E+1	1.410000E+0
2.238000E+0	1.716171E-1	2.509680E-6	3.301310E+2	6.766900E+1	1.410000E+0
2.247000E+0	1.716171E-1	2.509680E-6	3.301310E+2	6.766900E+1	1.410000E+0
2.329000E+0	1.826430E-1	9.539449E-6	3.301310E+2	6.766900E+1	1.410000E+0
2.338000E+0	1.826430E-1	9.539449E-6	3.301310E+2	6.766900E+1	1.410000E+0
2.449000E+0	1.881345E-1	3.011806E-6	3.301310E+2	6.766900E+1	1.410000E+0
2.463000E+0	1.881345E-1	3.011806E-6	3.301310E+2	6.766900E+1	1.410000E+0
2.548000E+0	1.991553E-1	6.024564E-6	3.301310E+2	6.766900E+1	1.410000E+0
2.558000E+0	1.991553E-1	6.024564E-6	3.301310E+2	6.766900E+1	1.410000E+0
2.638000E+0	1.991687E-1	8.033070E-6	3.301310E+2	6.766900E+1	1.410000E+0
2.647000E+0	1.991687E-1	8.033070E-6	3.301310E+2	6.766900E+1	1.410000E+0
2.728000E+0	2.100984E-1	1.505427E-6	3.301310E+2	6.766900E+1	1.410000E+0
2.737000E+0	2.100984E-1	1.505427E-6	3.301310E+2	6.766900E+1	1.410000E+0
2.818000E+0	2.211299E-1	-3.013711E-6	3.301310E+2	6.766900E+1	1.410000E+0
2.827000E+0	2.211299E-1	-3.013711E-6	3.301310E+2	6.766900E+1	1.410000E+0
2.939000E+0	2.273536E-1	5.522438E-6	3.301310E+2	6.766900E+1	1.410000E+0
2.948000E+0	2.273536E-1	5.522438E-6	3.301310E+2	6.766900E+1	1.410000E+0
3.028000E+0	2.321472E-1	-5.022216E-6	3.301310E+2	6.766900E+1	1.410000E+0
3.037000E+0	2.321472E-1	-5.022216E-6	3.301310E+2	6.766900E+1	1.410000E+0
3.118000E+0	2.376556E-1	-1.958388E-5	3.301310E+2	6.766900E+1	1.410000E+0
3.126000E+0	2.376556E-1	-1.958388E-5	3.301310E+2	6.766900E+1	1.410000E+0
3.208000E+0	2.486933E-1	8.535196E-6	3.301310E+2	6.766900E+1	1.410000E+0
3.217000E+0	2.486933E-1	8.535196E-6	3.301310E+2	6.766900E+1	1.410000E+0
3.298000E+0	2.541674E-1	2.509680E-6	3.301310E+2	6.766900E+1	1.410000E+0
3.307000E+0	2.541674E-1	2.509680E-6	3.301310E+2	6.766900E+1	1.410000E+0
3.420000E+0	2.688661E-1	1.205008E-5	3.301310E+2	6.766900E+1	1.410000E+0
3.433000E+0	2.688661E-1	1.205008E-5	3.301310E+2	6.766900E+1	1.410000E+0
3.515000E+0	2.707181E-1	-7.532848E-6	3.301310E+2	6.766900E+1	1.410000E+0
3.524000E+0	2.707181E-1	-7.532848E-6	3.301310E+2	6.766900E+1	1.410000E+0
3.608000E+0	2.817397E-1	-5.022216E-6	3.301310E+2	6.766900E+1	1.410000E+0
3.617000E+0	2.817397E-1	-5.022216E-6	3.301310E+2	6.766900E+1	1.410000E+0
3.699000E+0	2.901501E-1	9.539449E-6	3.301310E+2	6.766900E+1	1.410000E+0
3.708000E+0	2.901501E-1	9.539449E-6	3.301310E+2	6.766900E+1	1.410000E+0
3.789000E+0	2.973040E-1	-1.005205E-6	3.301310E+2	6.766900E+1	1.410000E+0
3.798000E+0	2.973040E-1	-1.005205E-6	3.301310E+2	6.766900E+1	1.410000E+0
3.910000E+0	2.984255E-1	-2.360089E-5	3.301310E+2	6.766900E+1	1.410000E+0
3.919000E+0	2.984255E-1	-2.360089E-5	3.301310E+2	6.766900E+1	1.410000E+0
3.999000E+0	3.094978E-1	3.011806E-6	3.301310E+2	6.766900E+1	1.410000E+0
4.008000E+0	3.094978E-1	3.011806E-6	3.301310E+2	6.766900E+1	1.410000E+0
4.089000E+0	3.175056E-1	-2.009458E-6	3.301310E+2	6.766900E+1	1.410000E+0
4.098000E+0	3.175056E-1	-2.009458E-6	3.301310E+2	6.766900E+1	1.410000E+0
4.179000E+0	3.291901E-1	-8.537101E-6	3.301310E+2	6.766900E+1	1.410000E+0
4.189000E+0	3.291901E-1	-8.537101E-6	3.301310E+2	6.766900E+1	1.410000E+0
4.269000E+0	3.315875E-1	-3.364342E-5	3.301310E+2	6.766900E+1	1.410000E+0
4.278000E+0	3.315875E-1	-3.364342E-5	3.301310E+2	6.766900E+1	1.410000E+0
4.390000E+0	3.425711E-1	-9.541354E-6	3.301310E+2	6.766900E+1	1.410000E+0
4.399000E+0	3.425711E-1	-9.541354E-6	3.301310E+2	6.766900E+1	1.410000E+0
4.480000E+0	3.464900E-1	-6.528596E-6	3.301310E+2	6.766900E+1	1.410000E+0
4.492000E+0	3.464900E-1	-6.528596E-6	3.301310E+2	6.766900E+1	1.410000E+0
4.575000E+0	3.565639E-1	1.054370E-5	3.301310E+2	6.766900E+1	1.410000E+0
4.583000E+0	3.565639E-1	1.054370E-5	3.301310E+2	6.766900E+1	1.410000E+0
4.669000E+0	3.591485E-1	-1.255411E-5	3.301310E+2	6.766900E+1	1.410000E+0
4.678000E+0	3.591485E-1	-1.255411E-5	3.301310E+2	6.766900E+1	1.410000E+0
4.759000E+0	3.695395E-1	-5.524343E-6	3.301310E+2	6.766900E+1	1.410000E+0
4.768000E+0	3.695395E-1	-5.524343E-6	3.301310E+2	6.766900E+1	1.410000E+0
4.880000E+0	3.787982E-1	-1.005205E-6	3.301310E+2	6.766900E+1	1.410000E+0
4.889000E+0	3.787982E-1	-1.005205E-6	3.301310E+2	6.766900E+1	1.410000E+0
4.969000E+0	3.881665E-1	-8.537101E-6	3.301310E+2	6.766900E+1	1.410000E+0
4.978000E+0	3.881665E-1	-8.537101E-6	3.301310E+2	6.766900E+1	1.410000E+0
5.060000E+0	3.921203E-1	-2.761790E-5	3.301310E+2	6.766900E+1	1.410000E+0
5.068000E+0	3.921203E-1	-2.761790E-5	3.301310E+2	6.766900E+1	1.410000E+0
5.150000E+0	3.980316E-1	-4.520090E-6	3.301310E+2	6.766900E+1	1.410000E+0
5.159000E+0	3.980316E-1	-4.520090E-6	3.301310E+2	6.766900E+1	1.410000E+0
5.239000E+0	4.086537E-1	-5.022216E-6	3.301310E+2	6.766900E+1	1.410000E+0
5.248000E+0	4.086537E-1	-5.022216E-6	3.301310E+2	6.766900E+1	1.410000E+0
5.359000E+0	4.172578E-1	-1.054561E-5	3.301310E+2	6.766900E+1	1.410000E+0
5.368000E+0	4.172578E-1	-1.054561E-5	3.301310E+2	6.766900E+1	1.410000E+0
5.448000E+0	4.196949E-1	-2.611152E-5	3.301310E+2	6.766900E+1	1.410000E+0
5.461000E+0	4.196949E-1	-2.611152E-5	3.301310E+2	6.766900E+1	1.410000E+0
5.545000E+0	4.306831E-1	-2.510727E-5	3.301310E+2	6.766900E+1	1.410000E+0
5.554000E+0	4.306831E-1	-2.510727E-5	3.301310E+2	6.766900E+1	1.410000E+0
5.639000E+0	4.417057E-1	-2.259664E-5	3.301310E+2	6.766900E+1	1.410000E+0
5.648000E+0	4.417057E-1	-2.259664E-5	3.301310E+2	6.766900E+1	1.410000E+0
5.729000E+0	4.503248E-1	-2.360089E-5	3.301310E+2	6.766900E+1	1.410000E+0
5.738000E+0	4.503248E-1	-2.360089E-5	3.301310E+2	6.766900E+1	1.410000E+0
5.851000E+0	4.527272E-1	-1.054561E-5	3.301310E+2	6.766900E+1	1.410000E+0
5.860000E+0	4.527272E-1	-1.054561E-5	3.301310E+2	6.766900E+1	1.410000E+0
5.946000E+0	4.582468E-1	-3.515837E-6	3.301310E+2	6.766900E+1	1.410000E+0
5.955000E+0	4.582468E-1	-3.515837E-6	3.301310E+2	6.766900E+1	1.410000E+0
6.039000E+0	4.692625E-1	-4.017964E-6	3.301310E+2	6.766900E+1	1.410000E+0
6.048000E+0	4.692625E-1	-4.017964E-6	3.301310E+2	6.766900E+1	1.410000E+0
6.129000E+0	4.784287E-1	-1.707325E-5	3.301310E+2	6.766900E+1	1.410000E+0
6.138000E+0	4.784287E-1	-1.707325E-5	3.301310E+2	6.766900E+1	1.410000E+0
6.219000E+0	4.802706E-1	-3.665618E-5	3.301310E+2	6.766900E+1	1.410000E+0
6.228000E+0	4.802706E-1	-3.665618E-5	3.301310E+2	6.766900E+1	1.410000E+0
6.342000E+0	4.913087E-1	-3.816256E-5	3.301310E+2	6.766900E+1	1.410000E+0
6.351000E+0	4.913087E-1	-3.816256E-5	3.301310E+2	6.766900E+1	1.410000E+0
6.429000E+0	4.993546E-1	-1.556687E-5	3.301310E+2	6.766900E+1	1.410000E+0
6.443000E+0	4.993546E-1	-1.556687E-5	3.301310E+2	6.766900E+1	1.410000E+0
6.525000E+0	5.068769E-1	4.518185E-6	3.301310E+2	6.766900E+1	1.410000E+0
6.534000E+0	5.068769E-1	4.518185E-6	3.301310E+2	6.766900E+1	1.410000E+0
6.619000E+0	5.173889E-1	-2.511584E-6	3.301310E+2	6.766900E+1	1.410000E+0
6.628000E+0	5.173889E-1	-2.511584E-6	3.301310E+2	6.766900E+1	1.410000E+0
6.709000E+0	5.188310E-1	-4.017964E-6	3.301310E+2	6.766900E+1	1.410000E+0
6.718000E+0	5.188310E-1	-4.017964E-6	3.301310E+2	6.766900E+1	1.410000E+0
6.830000E+0	5.298552E-1	-5.022216E-6	3.301310E+2	6.766900E+1	1.410000E+0
6.839000E+0	5.298552E-1	-5.022216E-6	3.301310E+2	6.766900E+1	1.410000E+0
6.920000E+0	5.385047E-1	-3.063066E-5	3.301310E+2	6.766900E+1	1.410000E+0
6.928000E+0	5.385047E-1	-3.063066E-5	3.301310E+2	6.766900E+1	1.410000E+0
7.009000E+0	5.491008E-1	-2.109026E-5	3.301310E+2	6.766900E+1	1.410000E+0
7.018000E+0	5.491008E-1	-2.109026E-5	3.301310E+2	6.766900E+1	1.410000E+0
7.099000E+0	5.519100E-1	-3.514980E-5	3.301310E+2	6.766900E+1	1.410000E+0
7.108000E+0	5.519100E-1	-3.514980E-5	3.301310E+2	6.766900E+1	1.410000E+0
7.189000E+0	5.628489E-1	-2.360089E-5	3.301310E+2	6.766900E+1	1.410000E+0
7.198000E+0	5.628489E-1	-2.360089E-5	3.301310E+2	6.766900E+1	1.410000E+0
7.309000E+0	5.672580E-1	-2.159239E-5	3.301310E+2	6.766900E+1	1.410000E+0
7.318000E+0	5.672580E-1	-2.159239E-5	3.301310E+2	6.766900E+1	1.410000E+0
7.398000E+0	5.764074E-1	-1.456262E-5	3.301310E+2	6.766900E+1	1.410000E+0
7.407000E+0	5.764074E-1	-1.456262E-5	3.301310E+2	6.766900E+1	1.410000E+0
7.493000E+0	5.793957E-1	-2.761790E-5	3.301310E+2	6.766900E+1	1.410000E+0
7.513000E+0	5.793957E-1	-2.761790E-5	3.301310E+2	6.766900E+1	1.410000E+0
7.598000E+0	5.904098E-1	-1.355836E-5	3.301310E+2	6.766900E+1	1.410000E+0
7.607000E+0	5.904098E-1	-1.355836E-5	3.301310E+2	6.766900E+1	1.410000E+0
7.688000E+0	5.958993E-1	-9.541354E-6	3.301310E+2	6.766900E+1	1.410000E+0
7.697000E+0	5.958993E-1	-9.541354E-6	3.301310E+2	6.766900E+1	1.410000E+0
7.779000E+0	6.103471E-1	1.355646E-5	3.301310E+2	6.766900E+1	1.410000E+0
7.788000E+0	6.103471E-1	1.355646E-5	3.301310E+2	6.766900E+1	1.410000E+0
7.869000E+0	6.124460E-1	-2.460515E-5	3.301310E+2	6.766900E+1	1.410000E+0
7.878000E+0	6.124460E-1	-2.460515E-5	3.301310E+2	6.766900E+1	1.410000E+0
7.990000E+0	6.179441E-1	-3.364342E-5	3.301310E+2	6.766900E+1	1.410000E+0
7.999000E+0	6.179441E-1	-3.364342E-5	3.301310E+2	6.766900E+1	1.410000E+0
8.078000E+0	6.252492E-1	-1.205199E-5	3.301310E+2	6.766900E+1	1.410000E+0
8.087000E+0	6.252492E-1	-1.205199E-5	3.301310E+2	6.766900E+1	1.410000E+0
8.170000E+0	6.377746E-1	-2.862216E-5	3.301310E+2	6.766900E+1	1.410000E+0
8.178000E+0	6.377746E-1	-2.862216E-5	3.301310E+2	6.766900E+1	1.410000E+0
8.259000E+0	6.400130E-1	-3.263917E-5	3.301310E+2	6.766900E+1	1.410000E+0
8.268000E+0	6.400130E-1	-3.263917E-5	3.301310E+2	6.766900E+1	1.410000E+0
8.349000E+0	6.510261E-1	-3.063066E-5	3.301310E+2	6.766900E+1	1.410000E+0
8.359000E+0	6.510261E-1	-3.063066E-5	3.301310E+2	6.766900E+1	1.410000E+0
8.470000E+0	6.621082E-1	-2.008601E-5	3.301310E+2	6.766900E+1	1.410000E+0
8.484000E+0	6.621082E-1	-2.008601E-5	3.301310E+2	6.766900E+1	1.410000E+0
8.570000E+0	6.731165E-1	-5.121784E-5	3.301310E+2	6.766900E+1	1.410000E+0
8.578000E+0	6.731165E-1	-5.121784E-5	3.301310E+2	6.766900E+1	1.410000E+0
8.659000E+0	6.731409E-1	-3.615405E-5	3.301310E+2	6.766900E+1	1.410000E+0
8.668000E+0	6.731409E-1	-3.615405E-5	3.301310E+2	6.766900E+1	1.410000E+0
8.750000E+0	6.786735E-1	-2.560940E-5	3.301310E+2	6.766900E+1	1.410000E+0
8.758000E+0	6.786735E-1	-2.560940E-5	3.301310E+2	6.766900E+1	1.410000E+0
8.839000E+0	6.897087E-1	-5.021359E-5	3.301310E+2	6.766900E+1	1.410000E+0
8.848000E+0	6.897087E-1	-5.021359E-5	3.301310E+2	6.766900E+1	1.410000E+0
8.960000E+0	6.950709E-1	-2.510727E-5	3.301310E+2	6.766900E+1	1.410000E+0
8.969000E+0	6.950709E-1	-2.510727E-5	3.301310E+2	6.766900E+1	1.410000E+0
9.050000E+0	7.007296E-1	-3.665618E-5	3.301310E+2	6.766900E+1	1.410000E+0
9.058000E+0	7.007296E-1	-3.665618E-5	3.301310E+2	6.766900E+1	1.410000E+0
9.138000E+0	7.100446E-1	3.665427E-5	3.301310E+2	6.766900E+1	1.410000E+0
9.147000E+0	7.100446E-1	3.665427E-5	3.301310E+2	6.766900E+1	1.410000E+0
9.230000E+0	7.227692E-1	1.456071E-5	3.301310E+2	6.766900E+1	1.410000E+0
9.239000E+0	7.227692E-1	1.456071E-5	3.301310E+2	6.766900E+1	1.410000E+0
9.320000E+0	7.270554E-1	2.560749E-5	3.301310E+2	6.766900E+1	1.410000E+0
9.328000E+0	7.270554E-1	2.560749E-5	3.301310E+2	6.766900E+1	1.410000E+0
9.440000E+0	7.282886E-1	7.180312E-5	3.301310E+2	6.766900E+1	1.410000E+0
9.453000E+0	7.282886E-1	7.180312E-5	3.301310E+2	6.766900E+1	1.410000E+0
9.535000E+0	7.391325E-1	1.616837E-4	3.301310E+2	6.766900E+1	1.410000E+0
9.544000E+0	7.391325E-1	1.616837E-4	3.301310E+2	6.766900E+1	1.410000E+0
9.629000E+0	7.502809E-1	2.460410E-4	3.301310E+2	6.766900E+1	1.410000E+0
9.638000E+0	7.502809E-1	2.460410E-4	3.301310E+2	6.766900E+1	1.410000E+0
9.719000E+0	7.588170E-1	3.775981E-4	3.301310E+2	6.766900E+1	1.410000E+0
9.728000E+0	7.588170E-1	3.775981E-4	3.301310E+2	6.766900E+1	1.410000E+0
9.809000E+0	7.693762E-1	5.227126E-4	3.301310E+2	6.766900E+1	1.410000E+0
9.818000E+0	7.693762E-1	5.227126E-4	3.301310E+2	6.766900E+1	1.410000E+0
9.929000E+0	7.723522E-1	5.613764E-4	3.301310E+2	6.766900E+1	1.410000E+0
9.938000E+0	7.723522E-1	5.613764E-4	3.301310E+2	6.766900E+1	1.410000E+0
1.002000E+1	7.778586E-1	6.120911E-4	3.301310E+2	6.766900E+1	1.410000E+0
1.002900E+1	7.778586E-1	6.120911E-4	3.301310E+2	6.766900E+1	1.410000E+0
1.010900E+1	7.863149E-1	7.541929E-4	3.301310E+2	6.766900E+1	1.410000E+0
1.011800E+1	7.863149E-1	7.541929E-4	3.301310E+2	6.766900E+1	1.410000E+0
1.019900E+1	7.976418E-1	9.329499E-4	3.301310E+2	6.766900E+1	1.410000E+0
1.020800E+1	7.976418E-1	9.329499E-4	3.301310E+2	6.766900E+1	1.410000E+0
1.028800E+1	7.998942E-1	9.826604E-4	3.301310E+2	6.766900E+1	1.410000E+0
1.029700E+1	7.998942E-1	9.826604E-4	3.301310E+2	6.766900E+1	1.410000E+0
1.041000E+1	8.093529E-1	1.162924E-3	3.301310E+2	6.766900E+1	1.410000E+0
1.042300E+1	8.093529E-1	1.162924E-3	3.301310E+2	6.766900E+1	1.410000E+0
1.050600E+1	8.200022E-1	1.390889E-3	3.301310E+2	6.766900E+1	1.410000E+0
1.051600E+1	8.200022E-1	1.390889E-3	3.301310E+2	6.766900E+1	1.410000E+0
1.059900E+1	8.299405E-1	1.546046E-3	3.301310E+2	6.766900E+1	1.410000E+0
1.060800E+1	8.299405E-1	1.546046E-3	3.301310E+2	6.766900E+1	1.410000E+0
1.068900E+1	8.329080E-1	1.575672E-3	3.301310E+2	6.766900E+1	1.410000E+0
1.069900E+1	8.329080E-1	1.575672E-3	3.301310E+2	6.766900E+1	1.410000E+0
1.077900E+1	8.362046E-1	1.650488E-3	3.301310E+2	6.766900E+1	1.410000E+0
1.078900E+1	8.362046E-1	1.650488E-3	3.301310E+2	6.766900E+1	1.410000E+0
1.090000E+1	8.477967E-1	1.910590E-3	3.301310E+2	6.766900E+1	1.410000E+0
1.091000E+1	8.477967E-1	1.910590E-3	3.301310E+2	6.766900E+1	1.410000E+0
1.098900E+1	8.549485E-1	2.060224E-3	3.301310E+2	6.766900E+1	1.410000E+0
1.099800E+1	8.549485E-1	2.060224E-3	3.301310E+2	6.766900E+1	1.410000E+0
1.107900E+1	8.604649E-1	2.167177E-3	3.301310E+2	6.766900E+1	1.410000E+0
1.108800E+1	8.604649E-1	2.167177E-3	3.301310E+2	6.766900E+1	1.410000E+0
1.117000E+1	8.714615E-1	2.407193E-3	3.301310E+2	6.766900E+1	1.410000E+0
1.117900E+1	8.714615E-1	2.407193E-3	3.301310E+2	6.766900E+1	1.410000E+0
1.125900E+1	8.805301E-1	2.637669E-3	3.301310E+2	6.766900E+1	1.410000E+0
1.126800E+1	8.805301E-1	2.637669E-3	3.301310E+2	6.766900E+1	1.410000E+0
1.138200E+1	8.865129E-1	2.788809E-3	3.301310E+2	6.766900E+1	1.410000E+0
1.139100E+1	8.865129E-1	2.788809E-3	3.301310E+2	6.766900E+1	1.410000E+0
1.147700E+1	8.880278E-1	2.843038E-3	3.301310E+2	6.766900E+1	1.410000E+0
1.149000E+1	8.880278E-1	2.843038E-3	3.301310E+2	6.766900E+1	1.410000E+0
1.156900E+1	8.990392E-1	3.100629E-3	3.301310E+2	6.766900E+1	1.410000E+0
1.157800E+1	8.990392E-1	3.100629E-3	3.301310E+2	6.766900E+1	1.410000E+0
1.166000E+1	9.100720E-1	3.414459E-3	3.301310E+2	6.766900E+1	1.410000E+0
1.166900E+1	9.100720E-1	3.414459E-3	3.301310E+2	6.766900E+1	1.410000E+0
1.175000E+1	9.183031E-1	3.698161E-3	3.301310E+2	6.766900E+1	1.410000E+0
1.175900E+1	9.183031E-1	3.698161E-3	3.301310E+2	6.766900E+1	1.410000E+0
1.187100E+1	9.210145E-1	3.810637E-3	3.301310E+2	6.766900E+1	1.410000E+0
1.188100E+1	9.210145E-1	3.810637E-3	3.301310E+2	6.766900E+1	1.410000E+0
1.196000E+1	9.320435E-1	4.194263E-3	3.301310E+2	6.766900E+1	1.410000E+0
1.196800E+1	9.320435E-1	4.194263E-3	3.301310E+2	6.766900E+1	1.410000E+0
1.204900E+1	9.430535E-1	4.625591E-3	3.301310E+2	6.766900E+1	1.410000E+0
1.205800E+1	9.430535E-1	4.625591E-3	3.301310E+2	6.766900E+1	1.410000E+0
1.213900E+1	9.476038E-1	4.841004E-3	3.301310E+2	6.766900E+1	1.410000E+0
1.214800E+1	9.476038E-1	4.841004E-3	3.301310E+2	6.766900E+1	1.410000E+0
1.223000E+1	9.485657E-1	4.881174E-3	3.301310E+2	6.766900E+1	1.410000E+0
1.223800E+1	9.485657E-1	4.881174E-3	3.301310E+2	6.766900E+1	1.410000E+0
1.235100E+1	9.595754E-1	5.378783E-3	3.301310E+2	6.766900E+1	1.410000E+0
1.236000E+1	9.595754E-1	5.378783E-3	3.301310E+2	6.766900E+1	1.410000E+0
1.244000E+1	9.703333E-1	5.949200E-3	3.301310E+2	6.766900E+1	1.410000E+0
1.245200E+1	9.703333E-1	5.949200E-3	3.301310E+2	6.766900E+1	1.410000E+0
1.253600E+1	9.789762E-1	6.575856E-3	3.301310E+2	6.766900E+1	1.410000E+0
1.254500E+1	9.789762E-1	6.575856E-3	3.301310E+2	6.766900E+1	1.410000E+0
1.262900E+1	9.816244E-1	6.654188E-3	3.301310E+2	6.766900E+1	1.410000E+0
1.263800E+1	9.816244E-1	6.654188E-3	3.301310E+2	6.766900E+1	1.410000E+0
1.272000E+1	9.926690E-1	7.317499E-3	3.301310E+2	6.766900E+1	1.410000E+0
1.272900E+1	9.926690E-1	7.317499E-3	3.301310E+2	6.766900E+1	1.410000E+0
1.284100E+1	9.981880E-1	7.679533E-3	3.301310E+2	6.766900E+1	1.410000E+0
1.285000E+1	9.981880E-1	7.679533E-3	3.301310E+2	6.766900E+1	1.410000E+0
1.293000E+1	1.006310E+0	8.214801E-3	3.301310E+2	6.766900E+1	1.410000E+0
1.293900E+1	1.006310E+0	8.214801E-3	3.301310E+2	6.766900E+1	1.410000E+0
1.302000E+1	1.016946E+0	8.995610E-3	3.301310E+2	6.766900E+1	1.410000E+0
1.302900E+1	1.016946E+0	8.995610E-3	3.301310E+2	6.766900E+1	1.410000E+0
1.310900E+1	1.020434E+0	9.321491E-3	3.301310E+2	6.766900E+1	1.410000E+0
1.311800E+1	1.020434E+0	9.321491E-3	3.301310E+2	6.766900E+1	1.410000E+0
1.320000E+1	1.031467E+0	1.019268E-2	3.301310E+2	6.766900E+1	1.410000E+0
1.321000E+1	1.031467E+0	1.019268E-2	3.301310E+2	6.766900E+1	1.410000E+0
1.332100E+1	1.040067E+0	1.093332E-2	3.301310E+2	6.766900E+1	1.410000E+0
1.333000E+1	1.040067E+0	1.093332E-2	3.301310E+2	6.766900E+1	1.410000E+0
1.341100E+1	1.046126E+0	1.155696E-2	3.301310E+2	6.766900E+1	1.410000E+0
1.342400E+1	1.046126E+0	1.155696E-2	3.301310E+2	6.766900E+1	1.410000E+0
1.350700E+1	1.047969E+0	1.177790E-2	3.301310E+2	6.766900E+1	1.410000E+0
1.351600E+1	1.047969E+0	1.177790E-2	3.301310E+2	6.766900E+1	1.410000E+0
1.360000E+1	1.059017E+0	1.290016E-2	3.301310E+2	6.766900E+1	1.410000E+0
1.360900E+1	1.059017E+0	1.290016E-2	3.301310E+2	6.766900E+1	1.410000E+0
1.369000E+1	1.068137E+0	1.391697E-2	3.301310E+2	6.766900E+1	1.410000E+0
1.370000E+1	1.068137E+0	1.391697E-2	3.301310E+2	6.766900E+1	1.410000E+0
1.381100E+1	1.079248E+0	1.527271E-2	3.301310E+2	6.766900E+1	1.410000E+0
1.382000E+1	1.079248E+0	1.527271E-2	3.301310E+2	6.766900E+1	1.410000E+0
1.390000E+1	1.081076E+0	1.564228E-2	3.301310E+2	6.766900E+1	1.410000E+0
1.390900E+1	1.081076E+0	1.564228E-2	3.301310E+2	6.766900E+1	1.410000E+0
1.399100E+1	1.091992E+0	1.706782E-2	3.301310E+2	6.766900E+1	1.410000E+0
1.399900E+1	1.091992E+0	1.706782E-2	3.301310E+2	6.766900E+1	1.410000E+0
1.408100E+1	1.097538E+0	1.793851E-2	3.301310E+2	6.766900E+1	1.410000E+0
1.409000E+1	1.097538E+0	1.793851E-2	3.301310E+2	6.766900E+1	1.410000E+0
1.417100E+1	1.107349E+0	1.943234E-2	3.301310E+2	6.766900E+1	1.410000E+0
1.418000E+1	1.107349E+0	1.943234E-2	3.301310E+2	6.766900E+1	1.410000E+0
1.429200E+1	1.108588E+0	1.973362E-2	3.301310E+2	6.766900E+1	1.410000E+0
1.430100E+1	1.108588E+0	1.973362E-2	3.301310E+2	6.766900E+1	1.410000E+0
1.438100E+1	1.119602E+0	2.156036E-2	3.301310E+2	6.766900E+1	1.410000E+0
1.439000E+1	1.119602E+0	2.156036E-2	3.301310E+2	6.766900E+1	1.410000E+0
1.447100E+1	1.123323E+0	2.233363E-2	3.301310E+2	6.766900E+1	1.410000E+0
1.448400E+1	1.123323E+0	2.233363E-2	3.301310E+2	6.766900E+1	1.410000E+0
1.456700E+1	1.139546E+0	2.561153E-2	3.301310E+2	6.766900E+1	1.410000E+0
1.457700E+1	1.139546E+0	2.561153E-2	3.301310E+2	6.766900E+1	1.410000E+0
1.466000E+1	1.141631E+0	2.579882E-2	3.301310E+2	6.766900E+1	1.410000E+0
1.466900E+1	1.141631E+0	2.579882E-2	3.301310E+2	6.766900E+1	1.410000E+0
1.478200E+1	1.152650E+0	2.806492E-2	3.301310E+2	6.766900E+1	1.410000E+0
1.479100E+1	1.152650E+0	2.806492E-2	3.301310E+2	6.766900E+1	1.410000E+0
1.487200E+1	1.158128E+0	2.936493E-2	3.301310E+2	6.766900E+1	1.410000E+0
1.488100E+1	1.158128E+0	2.936493E-2	3.301310E+2	6.766900E+1	1.410000E+0
1.496100E+1	1.166714E+0	3.135035E-2	3.301310E+2	6.766900E+1	1.410000E+0
1.497000E+1	1.166714E+0	3.135035E-2	3.301310E+2	6.766900E+1	1.410000E+0
1.505100E+1	1.169180E+0	3.215275E-2	3.301310E+2	6.766900E+1	1.410000E+0
1.506000E+1	1.169180E+0	3.215275E-2	3.301310E+2	6.766900E+1	1.410000E+0
1.514100E+1	1.180139E+0	3.471812E-2	3.301310E+2	6.766900E+1	1.410000E+0
1.515000E+1	1.180139E+0	3.471812E-2	3.301310E+2	6.766900E+1	1.410000E+0
1.526300E+1	1.191171E+0	3.765406E-2	3.301310E+2	6.766900E+1	1.410000E+0
1.527200E+1	1.191171E+0	3.765406E-2	3.301310E+2	6.766900E+1	1.410000E+0
1.535100E+1	1.199488E+0	4.014110E-2	3.301310E+2	6.766900E+1	1.410000E+0
1.536000E+1	1.199488E+0	4.014110E-2	3.301310E+2	6.766900E+1	1.410000E+0
1.544000E+1	1.202202E+0	4.116695E-2	3.301310E+2	6.766900E+1	1.410000E+0
1.545300E+1	1.202202E+0	4.116695E-2	3.301310E+2	6.766900E+1	1.410000E+0
1.553000E+1	1.206903E+0	4.265124E-2	3.301310E+2	6.766900E+1	1.410000E+0
1.553900E+1	1.206903E+0	4.265124E-2	3.301310E+2	6.766900E+1	1.410000E+0
1.562100E+1	1.218775E+0	4.633434E-2	3.301310E+2	6.766900E+1	1.410000E+0
1.562900E+1	1.218775E+0	4.633434E-2	3.301310E+2	6.766900E+1	1.410000E+0
1.574400E+1	1.222923E+0	4.791856E-2	3.301310E+2	6.766900E+1	1.410000E+0
1.575300E+1	1.222923E+0	4.791856E-2	3.301310E+2	6.766900E+1	1.410000E+0
1.583700E+1	1.229768E+0	5.047941E-2	3.301310E+2	6.766900E+1	1.410000E+0
1.584600E+1	1.229768E+0	5.047941E-2	3.301310E+2	6.766900E+1	1.410000E+0
1.593100E+1	1.237287E+0	5.310654E-2	3.301310E+2	6.766900E+1	1.410000E+0
1.594100E+1	1.237287E+0	5.310654E-2	3.301310E+2	6.766900E+1	1.410000E+0
1.602100E+1	1.251780E+0	5.849839E-2	3.301310E+2	6.766900E+1	1.410000E+0
1.602900E+1	1.251780E+0	5.849839E-2	3.301310E+2	6.766900E+1	1.410000E+0
1.611100E+1	1.260330E+0	6.210468E-2	3.301310E+2	6.766900E+1	1.410000E+0
1.611900E+1	1.260330E+0	6.210468E-2	3.301310E+2	6.766900E+1	1.410000E+0
1.623200E+1	1.267392E+0	6.535143E-2	3.301310E+2	6.766900E+1	1.410000E+0
1.624100E+1	1.267392E+0	6.535143E-2	3.301310E+2	6.766900E+1	1.410000E+0
1.632100E+1	1.268273E+0	6.618798E-2	3.301310E+2	6.766900E+1	1.410000E+0
1.633000E+1	1.268273E+0	6.618798E-2	3.301310E+2	6.766900E+1	1.410000E+0
1.641000E+1	1.279284E+0	7.085124E-2	3.301310E+2	6.766900E+1	1.410000E+0
1.642300E+1	1.279284E+0	7.085124E-2	3.301310E+2	6.766900E+1	1.410000E+0
1.650800E+1	1.288056E+0	7.597395E-2	3.301310E+2	6.766900E+1	1.410000E+0
1.651700E+1	1.288056E+0	7.597395E-2	3.301310E+2	6.766900E+1	1.410000E+0
1.660100E+1	1.300361E+0	8.087372E-2	3.301310E+2	6.766900E+1	1.410000E+0
1.661000E+1	1.300361E+0	8.087372E-2	3.301310E+2	6.766900E+1	1.410000E+0
1.672200E+1	1.301369E+0	8.184433E-2	3.301310E+2	6.766900E+1	1.410000E+0
1.673100E+1	1.301369E+0	8.184433E-2	3.301310E+2	6.766900E+1	1.410000E+0
1.681100E+1	1.312358E+0	8.734665E-2	3.301310E+2	6.766900E+1	1.410000E+0
1.682000E+1	1.312358E+0	8.734665E-2	3.301310E+2	6.766900E+1	1.410000E+0
1.690100E+1	1.316695E+0	8.991051E-2	3.301310E+2	6.766900E+1	1.410000E+0
1.691000E+1	1.316695E+0	8.991051E-2	3.301310E+2	6.766900E+1	1.410000E+0
1.699100E+1	1.326778E+0	9.530839E-2	3.301310E+2	6.766900E+1	1.410000E+0
1.700000E+1	1.326778E+0	9.530839E-2	3.301310E+2	6.766900E+1	1.410000E+0
1.708100E+1	1.328897E+0	9.691520E-2	3.301310E+2	6.766900E+1	1.410000E+0
1.709000E+1	1.328897E+0	9.691520E-2	3.301310E+2	6.766900E+1	1.410000E+0
1.720200E+1	1.338213E+0	1.020464E-1	3.301310E+2	6.766900E+1	1.410000E+0
1.721100E+1	1.338213E+0	1.020464E-1	3.301310E+2	6.766900E+1	1.410000E+0
1.729100E+1	1.348903E+0	1.085490E-1	3.301310E+2	6.766900E+1	1.410000E+0
1.730000E+1	1.348903E+0	1.085490E-1	3.301310E+2	6.766900E+1	1.410000E+0
1.738100E+1	1.356909E+0	1.136637E-1	3.301310E+2	6.766900E+1	1.410000E+0
1.739000E+1	1.356909E+0	1.136637E-1	3.301310E+2	6.766900E+1	1.410000E+0
1.747200E+1	1.362425E+0	1.175055E-1	3.301310E+2	6.766900E+1	1.410000E+0
1.748600E+1	1.362425E+0	1.175055E-1	3.301310E+2	6.766900E+1	1.410000E+0
1.756800E+1	1.373473E+0	1.245754E-1	3.301310E+2	6.766900E+1	1.410000E+0
1.757700E+1	1.373473E+0	1.245754E-1	3.301310E+2	6.766900E+1	1.410000E+0
1.769300E+1	1.378124E+0	1.279507E-1	3.301310E+2	6.766900E+1	1.410000E+0
1.770200E+1	1.378124E+0	1.279507E-1	3.301310E+2	6.766900E+1	1.410000E+0
1.778100E+1	1.384499E+0	1.326039E-1	3.301310E+2	6.766900E+1	1.410000E+0
1.779000E+1	1.384499E+0	1.326039E-1	3.301310E+2	6.766900E+1	1.410000E+0
1.787200E+1	1.390020E+0	1.366129E-1	3.301310E+2	6.766900E+1	1.410000E+0
1.788100E+1	1.390020E+0	1.366129E-1	3.301310E+2	6.766900E+1	1.410000E+0
1.796200E+1	1.401008E+0	1.442106E-1	3.301310E+2	6.766900E+1	1.410000E+0
1.797100E+1	1.401008E+0	1.442106E-1	3.301310E+2	6.766900E+1	1.410000E+0
1.805200E+1	1.412066E+0	1.524259E-1	3.301310E+2	6.766900E+1	1.410000E+0
1.806100E+1	1.412066E+0	1.524259E-1	3.301310E+2	6.766900E+1	1.410000E+0
1.817400E+1	1.419526E+0	1.585921E-1	3.301310E+2	6.766900E+1	1.410000E+0
1.818300E+1	1.419526E+0	1.585921E-1	3.301310E+2	6.766900E+1	1.410000E+0
1.826200E+1	1.423071E+0	1.614206E-1	3.301310E+2	6.766900E+1	1.410000E+0
1.827100E+1	1.423071E+0	1.614206E-1	3.301310E+2	6.766900E+1	1.410000E+0
1.835200E+1	1.428617E+0	1.659432E-1	3.301310E+2	6.766900E+1	1.410000E+0
1.836100E+1	1.428617E+0	1.659432E-1	3.301310E+2	6.766900E+1	1.410000E+0
1.844300E+1	1.439620E+0	1.749188E-1	3.301310E+2	6.766900E+1	1.410000E+0
1.845600E+1	1.439620E+0	1.749188E-1	3.301310E+2	6.766900E+1	1.410000E+0
1.853800E+1	1.448273E+0	1.844175E-1	3.301310E+2	6.766900E+1	1.410000E+0
1.854800E+1	1.448273E+0	1.844175E-1	3.301310E+2	6.766900E+1	1.410000E+0
1.866300E+1	1.450565E+0	1.851702E-1	3.301310E+2	6.766900E+1	1.410000E+0
1.867200E+1	1.450565E+0	1.851702E-1	3.301310E+2	6.766900E+1	1.410000E+0
1.875200E+1	1.461607E+0	1.946102E-1	3.301310E+2	6.766900E+1	1.410000E+0
1.876000E+1	1.461607E+0	1.946102E-1	3.301310E+2	6.766900E+1	1.410000E+0
1.884200E+1	1.472631E+0	2.048611E-1	3.301310E+2	6.766900E+1	1.410000E+0
1.885000E+1	1.472631E+0	2.048611E-1	3.301310E+2	6.766900E+1	1.410000E+0
1.893200E+1	1.476965E+0	2.095897E-1	3.301310E+2	6.766900E+1	1.410000E+0
1.894000E+1	1.476965E+0	2.095897E-1	3.301310E+2	6.766900E+1	1.410000E+0
1.902200E+1	1.478140E+0	2.112347E-1	3.301310E+2	6.766900E+1	1.410000E+0
1.903200E+1	1.478140E+0	2.112347E-1	3.301310E+2	6.766900E+1	1.410000E+0
1.914400E+1	1.489126E+0	2.215433E-1	3.301310E+2	6.766900E+1	1.410000E+0
1.915300E+1	1.489126E+0	2.215433E-1	3.301310E+2	6.766900E+1	1.410000E+0
1.923300E+1	1.499251E+0	2.318284E-1	3.301310E+2	6.766900E+1	1.410000E+0
1.924200E+1	1.499251E+0	2.318284E-1	3.301310E+2	6.766900E+1	1.410000E+0
1.932300E+1	1.509129E+0	2.420754E-1	3.301310E+2	6.766900E+1	1.410000E+0
1.933100E+1	1.509129E+0	2.420754E-1	3.301310E+2	6.766900E+1	1.410000E+0
1.941300E+1	1.515117E+0	2.485598E-1	3.301310E+2	6.766900E+1	1.410000E+0
1.942600E+1	1.515117E+0	2.485598E-1	3.301310E+2	6.766900E+1	1.410000E+0
1.950900E+1	1.522213E+0	2.567049E-1	3.301310E+2	6.766900E+1	1.410000E+0
1.951800E+1	1.522213E+0	2.567049E-1	3.301310E+2	6.766900E+1	1.410000E+0
1.963400E+1	1.533183E+0	2.684305E-1	3.301310E+2	6.766900E+1	1.410000E+0
1.964300E+1	1.533183E+0	2.684305E-1	3.301310E+2	6.766900E+1	1.410000E+0
1.972400E+1	1.537427E+0	2.717853E-1	3.301310E+2	6.766900E+1	1.410000E+0
1.973200E+1	1.537427E+0	2.717853E-1	3.301310E+2	6.766900E+1	1.410000E+0
1.981200E+1	1.546838E+0	2.807844E-1	3.301310E+2	6.766900E+1	1.410000E+0
1.982100E+1	1.546838E+0	2.807844E-1	3.301310E+2	6.766900E+1	1.410000E+0
1.990300E+1	1.549754E+0	2.844399E-1	3.301310E+2	6.766900E+1	1.410000E+0
1.991200E+1	1.549754E+0	2.844399E-1	3.301310E+2	6.766900E+1	1.410000E+0
1.999300E+1	1.560784E+0	2.971096E-1	3.301310E+2	6.766900E+1	1.410000E+0
2.000300E+1	1.560784E+0	2.971096E-1	3.301310E+2	6.766900E+1	1.410000E+0
2.011400E+1	1.569336E+0	3.074198E-1	3.301310E+2	6.766900E+1	1.410000E+0
2.012300E+1	1.569336E+0	3.074198E-1	3.301310E+2	6.766900E+1	1.410000E+0
2.020300E+1	1.578963E+0	3.197857E-1	3.301310E+2	6.766900E+1	1.410000E+0
2.021100E+1	1.578963E+0	3.197857E-1	3.301310E+2	6.766900E+1	1.410000E+0
2.029300E+1	1.582823E+0	3.252805E-1	3.301310E+2	6.766900E+1	1.410000E+0
2.030200E+1	1.582823E+0	3.252805E-1	3.301310E+2	6.766900E+1	1.410000E+0
2.038300E+1	1.588324E+0	3.323981E-1	3.301310E+2	6.766900E+1	1.410000E+0
2.039200E+1	1.588324E+0	3.323981E-1	3.301310E+2	6.766900E+1	1.410000E+0
2.047300E+1	1.592424E+0	3.379421E-1	3.301310E+2	6.766900E+1	1.410000E+0
2.048700E+1	1.592424E+0	3.379421E-1	3.301310E+2	6.766900E+1	1.410000E+0
2.060100E+1	1.608521E+0	3.617726E-1	3.301310E+2	6.766900E+1	1.410000E+0
2.061100E+1	1.608521E+0	3.617726E-1	3.301310E+2	6.766900E+1	1.410000E+0
2.069200E+1	1.610381E+0	3.619971E-1	3.301310E+2	6.766900E+1	1.410000E+0
2.070100E+1	1.610381E+0	3.619971E-1	3.301310E+2	6.766900E+1	1.410000E+0
2.078200E+1	1.621312E+0	3.770072E-1	3.301310E+2	6.766900E+1	1.410000E+0
2.079100E+1	1.621312E+0	3.770072E-1	3.301310E+2	6.766900E+1	1.410000E+0
2.087400E+1	1.630274E+0	3.898777E-1	3.301310E+2	6.766900E+1	1.410000E+0
2.088300E+1	1.630274E+0	3.898777E-1	3.301310E+2	6.766900E+1	1.410000E+0
2.096300E+1	1.641479E+0	4.062737E-1	3.301310E+2	6.766900E+1	1.410000E+0
2.097200E+1	1.641479E+0	4.062737E-1	3.301310E+2	6.766900E+1	1.410000E+0
2.108700E+1	1.643360E+0	4.099805E-1	3.301310E+2	6.766900E+1	1.410000E+0
2.109700E+1	1.643360E+0	4.099805E-1	3.301310E+2	6.766900E+1	1.410000E+0
2.118000E+1	1.648872E+0	4.189054E-1	3.301310E+2	6.766900E+1	1.410000E+0
2.118900E+1	1.648872E+0	4.189054E-1	3.301310E+2	6.766900E+1	1.410000E+0
2.127300E+1	1.659921E+0	4.357824E-1	3.301310E+2	6.766900E+1	1.410000E+0
2.128200E+1	1.659921E+0	4.357824E-1	3.301310E+2	6.766900E+1	1.410000E+0
2.136300E+1	1.668496E+0	4.494473E-1	3.301310E+2	6.766900E+1	1.410000E+0
2.137200E+1	1.668496E+0	4.494473E-1	3.301310E+2	6.766900E+1	1.410000E+0
2.145400E+1	1.670917E+0	4.545761E-1	3.301310E+2	6.766900E+1	1.410000E+0
2.146700E+1	1.670917E+0	4.545761E-1	3.301310E+2	6.766900E+1	1.410000E+0
2.158200E+1	1.681945E+0	4.725718E-1	3.301310E+2	6.766900E+1	1.410000E+0
2.159100E+1	1.681945E+0	4.725718E-1	3.301310E+2	6.766900E+1	1.410000E+0
2.167300E+1	1.692956E+0	4.905119E-1	3.301310E+2	6.766900E+1	1.410000E+0
2.168200E+1	1.692956E+0	4.905119E-1	3.301310E+2	6.766900E+1	1.410000E+0
2.176400E+1	1.697381E+0	4.981618E-1	3.301310E+2	6.766900E+1	1.410000E+0
2.177300E+1	1.697381E+0	4.981618E-1	3.301310E+2	6.766900E+1	1.410000E+0
2.185300E+1	1.698481E+0	5.010540E-1	3.301310E+2	6.766900E+1	1.410000E+0
2.186200E+1	1.698481E+0	5.010540E-1	3.301310E+2	6.766900E+1	1.410000E+0
2.194400E+1	1.707873E+0	5.166075E-1	3.301310E+2	6.766900E+1	1.410000E+0
2.195300E+1	1.707873E+0	5.166075E-1	3.301310E+2	6.766900E+1	1.410000E+0
2.206500E+1	1.720706E+0	5.393649E-1	3.301310E+2	6.766900E+1	1.410000E+0
2.207400E+1	1.720706E+0	5.393649E-1	3.301310E+2	6.766900E+1	1.410000E+0
2.215400E+1	1.727924E+0	5.540923E-1	3.301310E+2	6.766900E+1	1.410000E+0
2.216300E+1	1.727924E+0	5.540923E-1	3.301310E+2	6.766900E+1	1.410000E+0
2.224400E+1	1.731744E+0	5.621118E-1	3.301310E+2	6.766900E+1	1.410000E+0
2.225300E+1	1.731744E+0	5.621118E-1	3.301310E+2	6.766900E+1	1.410000E+0
2.233400E+1	1.742786E+0	5.823225E-1	3.301310E+2	6.766900E+1	1.410000E+0
2.234200E+1	1.742786E+0	5.823225E-1	3.301310E+2	6.766900E+1	1.410000E+0
2.242400E+1	1.748304E+0	5.930534E-1	3.301310E+2	6.766900E+1	1.410000E+0
2.243700E+1	1.748304E+0	5.930534E-1	3.301310E+2	6.766900E+1	1.410000E+0
2.255100E+1	1.757468E+0	6.152852E-1	3.301310E+2	6.766900E+1	1.410000E+0
2.255900E+1	1.757468E+0	6.152852E-1	3.301310E+2	6.766900E+1	1.410000E+0
2.264400E+1	1.768855E+0	6.354130E-1	3.301310E+2	6.766900E+1	1.410000E+0
2.265300E+1	1.768855E+0	6.354130E-1	3.301310E+2	6.766900E+1	1.410000E+0
2.273500E+1	1.770351E+0	6.401561E-1	3.301310E+2	6.766900E+1	1.410000E+0
2.274500E+1	1.770351E+0	6.401561E-1	3.301310E+2	6.766900E+1	1.410000E+0
2.282400E+1	1.781361E+0	6.629617E-1	3.301310E+2	6.766900E+1	1.410000E+0
2.283300E+1	1.781361E+0	6.629617E-1	3.301310E+2	6.766900E+1	1.410000E+0
2.291400E+1	1.790375E+0	6.829334E-1	3.301310E+2	6.766900E+1	1.410000E+0
2.292300E+1	1.790375E+0	6.829334E-1	3.301310E+2	6.766900E+1	1.410000E+0
2.303500E+1	1.798227E+0	7.005269E-1	3.301310E+2	6.766900E+1	1.410000E+0
2.304400E+1	1.798227E+0	7.005269E-1	3.301310E+2	6.766900E+1	1.410000E+0
2.312500E+1	1.803334E+0	7.120583E-1	3.301310E+2	6.766900E+1	1.410000E+0
2.313400E+1	1.803334E+0	7.120583E-1	3.301310E+2	6.766900E+1	1.410000E+0
2.321400E+1	1.808826E+0	7.247953E-1	3.301310E+2	6.766900E+1	1.410000E+0
2.322300E+1	1.808826E+0	7.247953E-1	3.301310E+2	6.766900E+1	1.410000E+0
2.330500E+1	1.817957E+0	7.439645E-1	3.301310E+2	6.766900E+1	1.410000E+0
2.331400E+1	1.817957E+0	7.439645E-1	3.301310E+2	6.766900E+1	1.410000E+0
2.339500E+1	1.825277E+0	7.603329E-1	3.301310E+2	6.766900E+1	1.410000E+0
2.340500E+1	1.825277E+0	7.603329E-1	3.301310E+2	6.766900E+1	1.410000E+0
2.351900E+1	1.830891E+0	7.742770E-1	3.301310E+2	6.766900E+1	1.410000E+0
2.354000E+1	1.830891E+0	7.742770E-1	3.301310E+2	6.766900E+1	1.410000E+0
2.361100E+1	1.837940E+0	7.976260E-1	3.301310E+2	6.766900E+1	1.410000E+0
2.361900E+1	1.837940E+0	7.976260E-1	3.301310E+2	6.766900E+1	1.410000E+0
2.370400E+1	1.852157E+0	8.255865E-1	3.301310E+2	6.766900E+1	1.410000E+0
2.371400E+1	1.852157E+0	8.255865E-1	3.301310E+2	6.766900E+1	1.410000E+0
2.379500E+1	1.857226E+0	8.391730E-1	3.301310E+2	6.766900E+1	1.410000E+0
2.380400E+1	1.857226E+0	8.391730E-1	3.301310E+2	6.766900E+1	1.410000E+0
2.388500E+1	1.858430E+0	8.426653E-1	3.301310E+2	6.766900E+1	1.410000E+0
2.389400E+1	1.858430E+0	8.426653E-1	3.301310E+2	6.766900E+1	1.410000E+0
2.400600E+1	1.869433E+0	8.705575E-1	3.301310E+2	6.766900E+1	1.410000E+0
2.401600E+1	1.869433E+0	8.705575E-1	3.301310E+2	6.766900E+1	1.410000E+0
2.409600E+1	1.878208E+0	8.929058E-1	3.301310E+2	6.766900E+1	1.410000E+0
2.410400E+1	1.878208E+0	8.929058E-1	3.301310E+2	6.766900E+1	1.410000E+0
2.418600E+1	1.888547E+0	9.205660E-1	3.301310E+2	6.766900E+1	1.410000E+0
2.419500E+1	1.888547E+0	9.205660E-1	3.301310E+2	6.766900E+1	1.410000E+0
2.427600E+1	1.891450E+0	9.301566E-1	3.301310E+2	6.766900E+1	1.410000E+0
2.428400E+1	1.891450E+0	9.301566E-1	3.301310E+2	6.766900E+1	1.410000E+0
2.436500E+1	1.902484E+0	9.587714E-1	3.301310E+2	6.766900E+1	1.410000E+0
2.437400E+1	1.902484E+0	9.587714E-1	3.301310E+2	6.766900E+1	1.410000E+0
2.448600E+1	1.913477E+0	9.893877E-1	3.301310E+2	6.766900E+1	1.410000E+0
2.450000E+1	1.913477E+0	9.893877E-1	3.301310E+2	6.766900E+1	1.410000E+0
2.458500E+1	1.918972E+0	1.006238E+0	3.301310E+2	6.766900E+1	1.410000E+0
2.459400E+1	1.918972E+0	1.006238E+0	3.301310E+2	6.766900E+1	1.410000E+0
2.467500E+1	1.919010E+0	1.007271E+0	3.301310E+2	6.766900E+1	1.410000E+0
2.468400E+1	1.919010E+0	1.007271E+0	3.301310E+2	6.766900E+1	1.410000E+0
2.476600E+1	1.930008E+0	1.038836E+0	3.301310E+2	6.766900E+1	1.410000E+0
2.477400E+1	1.930008E+0	1.038836E+0	3.301310E+2	6.766900E+1	1.410000E+0
2.485500E+1	1.941043E+0	1.071466E+0	3.301310E+2	6.766900E+1	1.410000E+0
2.486400E+1	1.941043E+0	1.071466E+0	3.301310E+2	6.766900E+1	1.410000E+0
2.497800E+1	1.949817E+0	1.097380E+0	3.301310E+2	6.766900E+1	1.410000E+0
2.498700E+1	1.949817E+0	1.097380E+0	3.301310E+2	6.766900E+1	1.410000E+0
2.506500E+1	1.952067E+0	1.106602E+0	3.301310E+2	6.766900E+1	1.410000E+0
2.507400E+1	1.952067E+0	1.106602E+0	3.301310E+2	6.766900E+1	1.410000E+0
2.515600E+1	1.963089E+0	1.140204E+0	3.301310E+2	6.766900E+1	1.410000E+0
2.516500E+1	1.963089E+0	1.140204E+0	3.301310E+2	6.766900E+1	1.410000E+0
2.524600E+1	1.966080E+0	1.151422E+0	3.301310E+2	6.766900E+1	1.410000E+0
2.525400E+1	1.966080E+0	1.151422E+0	3.301310E+2	6.766900E+1	1.410000E+0
2.533600E+1	1.977619E+0	1.187233E+0	3.301310E+2	6.766900E+1	1.410000E+0
2.534400E+1	1.977619E+0	1.187233E+0	3.301310E+2	6.766900E+1	1.410000E+0
2.545900E+1	1.979553E+0	1.193980E+0	3.301310E+2	6.766900E+1	1.410000E+0
2.547100E+1	1.979553E+0	1.193980E+0	3.301310E+2	6.766900E+1	1.410000E+0
2.555600E+1	1.990582E+0	1.230196E+0	3.301310E+2	6.766900E+1	1.410000E+0
2.556400E+1	1.990582E+0	1.230196E+0	3.301310E+2	6.766900E+1	1.410000E+0
2.564500E+1	2.001583E+0	1.265192E+0	3.301310E+2	6.766900E+1	1.410000E+0
2.565500E+1	2.001583E+0	1.265192E+0	3.301310E+2	6.766900E+1	1.410000E+0
2.573600E+1	2.010412E+0	1.295369E+0	3.301310E+2	6.766900E+1	1.410000E+0
2.574500E+1	2.010412E+0	1.295369E+0	3.301310E+2	6.766900E+1	1.410000E+0
2.582500E+1	2.017025E+0	1.319133E+0	3.301310E+2	6.766900E+1	1.410000E+0
2.583400E+1	2.017025E+0	1.319133E+0	3.301310E+2	6.766900E+1	1.410000E+0
2.594700E+1	2.018093E+0	1.323618E+0	3.301310E+2	6.766900E+1	1.410000E+0
2.595600E+1	2.018093E+0	1.323618E+0	3.301310E+2	6.766900E+1	1.410000E+0
2.603700E+1	2.029115E+0	1.360875E+0	3.301310E+2	6.766900E+1	1.410000E+0
2.604600E+1	2.029115E+0	1.360875E+0	3.301310E+2	6.766900E+1	1.410000E+0
2.612600E+1	2.037608E+0	1.391335E+0	3.301310E+2	6.766900E+1	1.410000E+0
2.613400E+1	2.037608E+0	1.391335E+0	3.301310E+2	6.766900E+1	1.410000E+0
2.621600E+1	2.049196E+0	1.433705E+0	3.301310E+2	6.766900E+1	1.410000E+0
2.622500E+1	2.049196E+0	1.433705E+0	3.301310E+2	6.766900E+1	1.410000E+0
2.630600E+1	2.051174E+0	1.442927E+0	3.301310E+2	6.766900E+1	1.410000E+0
2.631400E+1	2.051174E+0	1.442927E+0	3.301310E+2	6.766900E+1	1.410000E+0
2.642800E+1	2.062556E+0	1.484232E+0	3.301310E+2	6.766900E+1	1.410000E+0
2.644000E+1	2.062556E+0	1.484232E+0	3.301310E+2	6.766900E+1	1.410000E+0
2.652200E+1	2.070950E+0	1.525915E+0	3.301310E+2	6.766900E+1	1.410000E+0
2.653100E+1	2.070950E+0	1.525915E+0	3.301310E+2	6.766900E+1	1.410000E+0
2.661700E+1	2.078510E+0	1.546462E+0	3.301310E+2	6.766900E+1	1.410000E+0
2.662600E+1	2.078510E+0	1.546462E+0	3.301310E+2	6.766900E+1	1.410000E+0
2.670700E+1	2.079159E+0	1.551470E+0	3.301310E+2	6.766900E+1	1.410000E+0
2.671600E+1	2.079159E+0	1.551470E+0	3.301310E+2	6.766900E+1	1.410000E+0
2.679700E+1	2.090194E+0	1.593764E+0	3.301310E+2	6.766900E+1	1.410000E+0
2.680600E+1	2.090194E+0	1.593764E+0	3.301310E+2	6.766900E+1	1.410000E+0
2.691700E+1	2.094689E+0	1.610722E+0	3.301310E+2	6.766900E+1	1.410000E+0
2.692600E+1	2.094689E+0	1.610722E+0	3.301310E+2	6.766900E+1	1.410000E+0
2.700600E+1	2.109861E+0	1.672086E+0	3.301310E+2	6.766900E+1	1.410000E+0
2.701500E+1	2.109861E+0	1.672086E+0	3.301310E+2	6.766900E+1	1.410000E+0
2.709600E+1	2.112227E+0	1.684007E+0	3.301310E+2	6.766900E+1	1.410000E+0
2.710500E+1	2.112227E+0	1.684007E+0	3.301310E+2	6.766900E+1	1.410000E+0
2.718700E+1	2.123270E+0	1.729958E+0	3.301310E+2	6.766900E+1	1.410000E+0
2.719700E+1	2.123270E+0	1.729958E+0	3.301310E+2	6.766900E+1	1.410000E+0
2.727800E+1	2.127378E+0	1.746933E+0	3.301310E+2	6.766900E+1	1.410000E+0
2.728500E+1	2.127378E+0	1.746933E+0	3.301310E+2	6.766900E+1	1.410000E+0
2.739800E+1	2.137283E+0	1.788493E+0	3.301310E+2	6.766900E+1	1.410000E+0
2.740700E+1	2.137283E+0	1.788493E+0	3.301310E+2	6.766900E+1	1.410000E+0
2.749100E+1	2.139805E+0	1.802688E+0	3.301310E+2	6.766900E+1	1.410000E+0
2.750700E+1	2.139805E+0	1.802688E+0	3.301310E+2	6.766900E+1	1.410000E+0
2.758300E+1	2.150724E+0	1.847914E+0	3.301310E+2	6.766900E+1	1.410000E+0
2.759300E+1	2.150724E+0	1.847914E+0	3.301310E+2	6.766900E+1	1.410000E+0
2.767400E+1	2.161116E+0	1.896333E+0	3.301310E+2	6.766900E+1	1.410000E+0
2.768300E+1	2.161116E+0	1.896333E+0	3.301310E+2	6.766900E+1	1.410000E+0
2.776700E+1	2.171056E+0	1.937903E+0	3.301310E+2	6.766900E+1	1.410000E+0
2.777600E+1	2.171056E+0	1.937903E+0	3.301310E+2	6.766900E+1	1.410000E+0
2.788900E+1	2.172786E+0	1.947961E+0	3.301310E+2	6.766900E+1	1.410000E+0
2.789900E+1	2.172786E+0	1.947961E+0	3.301310E+2	6.766900E+1	1.410000E+0
2.798300E+1	2.178306E+0	1.974147E+0	3.301310E+2	6.766900E+1	1.410000E+0
2.799200E+1	2.178306E+0	1.974147E+0	3.301310E+2	6.766900E+1	1.410000E+0
2.807800E+1	2.189345E+0	2.021582E+0	3.301310E+2	6.766900E+1	1.410000E+0
2.808600E+1	2.189345E+0	2.021582E+0	3.301310E+2	6.766900E+1	1.410000E+0
2.816700E+1	2.197995E+0	2.062241E+0	3.301310E+2	6.766900E+1	1.410000E+0
2.817600E+1	2.197995E+0	2.062241E+0	3.301310E+2	6.766900E+1	1.410000E+0
2.825700E+1	2.200329E+0	2.074119E+0	3.301310E+2	6.766900E+1	1.410000E+0
2.826600E+1	2.200329E+0	2.074119E+0	3.301310E+2	6.766900E+1	1.410000E+0
2.837800E+1	2.209527E+0	2.116598E+0	3.301310E+2	6.766900E+1	1.410000E+0
2.838700E+1	2.209527E+0	2.116598E+0	3.301310E+2	6.766900E+1	1.410000E+0
2.846700E+1	2.222359E+0	2.179605E+0	3.301310E+2	6.766900E+1	1.410000E+0
2.848000E+1	2.222359E+0	2.179605E+0	3.301310E+2	6.766900E+1	1.410000E+0
2.856400E+1	2.227874E+0	2.216504E+0	3.301310E+2	6.766900E+1	1.410000E+0
2.857300E+1	2.227874E+0	2.216504E+0	3.301310E+2	6.766900E+1	1.410000E+0
2.865700E+1	2.233375E+0	2.235865E+0	3.301310E+2	6.766900E+1	1.410000E+0
2.866600E+1	2.233375E+0	2.235865E+0	3.301310E+2	6.766900E+1	1.410000E+0
2.874800E+1	2.237002E+0	2.255934E+0	3.301310E+2	6.766900E+1	1.410000E+0
2.875600E+1	2.237002E+0	2.255934E+0	3.301310E+2	6.766900E+1	1.410000E+0
2.886900E+1	2.249857E+0	2.320255E+0	3.301310E+2	6.766900E+1	1.410000E+0
2.887800E+1	2.249857E+0	2.320255E+0	3.301310E+2	6.766900E+1	1.410000E+0
2.895900E+1	2.255390E+0	2.348118E+0	3.301310E+2	6.766900E+1	1.410000E+0
2.896800E+1	2.255390E+0	2.348118E+0	3.301310E+2	6.766900E+1	1.410000E+0
2.904800E+1	2.269452E+0	2.419778E+0	3.301310E+2	6.766900E+1	1.410000E+0
2.905700E+1	2.269452E+0	2.419778E+0	3.301310E+2	6.766900E+1	1.410000E+0
2.913800E+1	2.271938E+0	2.435580E+0	3.301310E+2	6.766900E+1	1.410000E+0
2.914700E+1	2.271938E+0	2.435580E+0	3.301310E+2	6.766900E+1	1.410000E+0
2.922800E+1	2.282924E+0	2.494133E+0	3.301310E+2	6.766900E+1	1.410000E+0
2.923700E+1	2.282924E+0	2.494133E+0	3.301310E+2	6.766900E+1	1.410000E+0
2.934800E+1	2.287273E+0	2.518188E+0	3.301310E+2	6.766900E+1	1.410000E+0
2.935700E+1	2.287273E+0	2.518188E+0	3.301310E+2	6.766900E+1	1.410000E+0
2.943800E+1	2.297171E+0	2.573874E+0	3.301310E+2	6.766900E+1	1.410000E+0
2.945100E+1	2.297171E+0	2.573874E+0	3.301310E+2	6.766900E+1	1.410000E+0
2.953400E+1	2.299511E+0	2.592109E+0	3.301310E+2	6.766900E+1	1.410000E+0
2.954200E+1	2.299511E+0	2.592109E+0	3.301310E+2	6.766900E+1	1.410000E+0
2.962300E+1	2.310357E+0	2.649231E+0	3.301310E+2	6.766900E+1	1.410000E+0
2.963200E+1	2.310357E+0	2.649231E+0	3.301310E+2	6.766900E+1	1.410000E+0
2.971800E+1	2.320843E+0	2.707279E+0	3.301310E+2	6.766900E+1	1.410000E+0
2.972700E+1	2.320843E+0	2.707279E+0	3.301310E+2	6.766900E+1	1.410000E+0
2.983900E+1	2.330150E+0	2.762619E+0	3.301310E+2	6.766900E+1	1.410000E+0
2.984700E+1	2.330150E+0	2.762619E+0	3.301310E+2	6.766900E+1	1.410000E+0
2.992900E+1	2.332502E+0	2.783282E+0	3.301310E+2	6.766900E+1	1.410000E+0
2.993800E+1	2.332502E+0	2.783282E+0	3.301310E+2	6.766900E+1	1.410000E+0
3.001900E+1	2.343531E+0	2.841267E+0	3.301310E+2	6.766900E+1	1.410000E+0
3.002800E+1	2.343531E+0	2.841267E+0	3.301310E+2	6.766900E+1	1.410000E+0
3.010900E+1	2.347927E+0	2.869857E+0	3.301310E+2	6.766900E+1	1.410000E+0
3.011800E+1	2.347927E+0	2.869857E+0	3.301310E+2	6.766900E+1	1.410000E+0
3.019900E+1	2.354738E+0	2.911837E+0	3.301310E+2	6.766900E+1	1.410000E+0
3.020800E+1	2.354738E+0	2.911837E+0	3.301310E+2	6.766900E+1	1.410000E+0
3.031900E+1	2.360046E+0	2.944225E+0	3.301310E+2	6.766900E+1	1.410000E+0
3.032800E+1	2.360046E+0	2.944225E+0	3.301310E+2	6.766900E+1	1.410000E+0
3.040900E+1	2.370583E+0	3.009363E+0	3.301310E+2	6.766900E+1	1.410000E+0
3.042300E+1	2.370583E+0	3.009363E+0	3.301310E+2	6.766900E+1	1.410000E+0
3.050400E+1	2.379546E+0	3.079449E+0	3.301310E+2	6.766900E+1	1.410000E+0
3.051300E+1	2.379546E+0	3.079449E+0	3.301310E+2	6.766900E+1	1.410000E+0
3.059800E+1	2.387602E+0	3.117688E+0	3.301310E+2	6.766900E+1	1.410000E+0
3.060700E+1	2.387602E+0	3.117688E+0	3.301310E+2	6.766900E+1	1.410000E+0
3.068900E+1	2.393114E+0	3.159223E+0	3.301310E+2	6.766900E+1	1.410000E+0
3.069700E+1	2.393114E+0	3.159223E+0	3.301310E+2	6.766900E+1	1.410000E+0
3.081100E+1	2.398638E+0	3.187422E+0	3.301310E+2	6.766900E+1	1.410000E+0
3.082000E+1	2.398638E+0	3.187422E+0	3.301310E+2	6.766900E+1	1.410000E+0
3.089700E+1	2.409560E+0	3.259192E+0	3.301310E+2	6.766900E+1	1.410000E+0
3.090600E+1	2.409560E+0	3.259192E+0	3.301310E+2	6.766900E+1	1.410000E+0
3.098800E+1	2.418335E+0	3.317665E+0	3.301310E+2	6.766900E+1	1.410000E+0
3.099700E+1	2.418335E+0	3.317665E+0	3.301310E+2	6.766900E+1	1.410000E+0
3.107700E+1	2.420886E+0	3.338666E+0	3.301310E+2	6.766900E+1	1.410000E+0
3.108600E+1	2.420886E+0	3.338666E+0	3.301310E+2	6.766900E+1	1.410000E+0
3.116700E+1	2.431909E+0	3.409360E+0	3.301310E+2	6.766900E+1	1.410000E+0
3.117600E+1	2.431909E+0	3.409360E+0	3.301310E+2	6.766900E+1	1.410000E+0
3.128900E+1	2.442946E+0	3.484896E+0	3.301310E+2	6.766900E+1	1.410000E+0
3.129800E+1	2.442946E+0	3.484896E+0	3.301310E+2	6.766900E+1	1.410000E+0
3.137900E+1	2.446828E+0	3.515317E+0	3.301310E+2	6.766900E+1	1.410000E+0
3.138800E+1	2.446828E+0	3.515317E+0	3.301310E+2	6.766900E+1	1.410000E+0
3.146900E+1	2.448502E+0	3.532393E+0	3.301310E+2	6.766900E+1	1.410000E+0
3.148100E+1	2.448502E+0	3.532393E+0	3.301310E+2	6.766900E+1	1.410000E+0
3.156500E+1	2.459478E+0	3.600852E+0	3.301310E+2	6.766900E+1	1.410000E+0
3.157300E+1	2.459478E+0	3.600852E+0	3.301310E+2	6.766900E+1	1.410000E+0
3.165800E+1	2.470532E+0	3.680148E+0	3.301310E+2	6.766900E+1	1.410000E+0
3.166700E+1	2.470532E+0	3.680148E+0	3.301310E+2	6.766900E+1	1.410000E+0
3.178000E+1	2.479483E+0	3.783688E+0	3.301310E+2	6.766900E+1	1.410000E+0
3.178900E+1	2.479483E+0	3.783688E+0	3.301310E+2	6.766900E+1	1.410000E+0
3.186900E+1	2.481550E+0	3.769953E+0	3.301310E+2	6.766900E+1	1.410000E+0
3.187800E+1	2.481550E+0	3.769953E+0	3.301310E+2	6.766900E+1	1.410000E+0
3.195900E+1	2.492585E+0	3.848036E+0	3.301310E+2	6.766900E+1	1.410000E+0
3.196800E+1	2.492585E+0	3.848036E+0	3.301310E+2	6.766900E+1	1.410000E+0
3.217500E+1	2.492084E+0	1.348898E+2	3.301310E+2	6.766900E+1	1.410000E+0
